
All device pins and their pinmux options

Pin,Name,Selected Mode,0,1,2,3,4,5,6,7,8,9,10,11,12,13,14,15
P1,QSPI_CSn0,,QSPI_CSn0,,,,,,,GPIO0,,,,,,,,
R3,QSPI_CSn1,,QSPI_CSn1,,,,,OUTPUTXBAR0,,GPIO1,,,,,,,,
N2,QSPI_CLK,,QSPI_CLK,,,,,,,GPIO2,,,,,,,,
N1,QSPI_D0,,QSPI_D0,,,,,,,GPIO3,,,,,,,,
N4,QSPI_D1,,QSPI_D1,,,,,,,GPIO4,,,,,,,,
M4,QSPI_D2,,QSPI_D2,,,,,,,GPIO5,,,,,,,,
P3,QSPI_D3,,QSPI_D3,,,,,,,GPIO6,,,,,,,,
M1,MCAN0_RX,MCAN0_RX,MCAN0_RX,SPI4_CS0,,,,,,GPIO7,,,,,,,,
L1,MCAN0_TX,MCAN0_TX,MCAN0_TX,SPI4_CLK,,,,,,GPIO8,,,,,,,,
L2,MCAN1_RX,MCAN1_RX,MCAN1_RX,SPI4_D0,,,,,,GPIO9,,,,,,,,
K1,MCAN1_TX,MCAN1_TX,MCAN1_TX,SPI4_D1,,,,,,GPIO10,,,,,,,,
C11,SPI0_CS0,,SPI0_CS0,UART3_RXD,LIN3_RXD,,,,,GPIO11,,,,,,,,
A11,SPI0_CLK,,SPI0_CLK,UART3_TXD,LIN3_TXD,,,,FSITX0_CLK,GPIO12,,,,,,,,
C10,SPI0_D0,,SPI0_D0,,,,,,FSITX0_D0,GPIO13,,,,,,,,
B11,SPI0_D1,,SPI0_D1,,,,,,FSITX0_D1,GPIO14,,,,,,,,
C9,SPI1_CS0,,SPI1_CS0,UART4_TXD,LIN4_TXD,,,OUTPUTXBAR1,,GPIO15,,,,,,,,
A10,SPI1_CLK,,SPI1_CLK,UART4_RXD,LIN4_RXD,,,OUTPUTXBAR2,FSIRX0_CLK,GPIO16,,,,,,,,
B10,SPI1_D0,,SPI1_D0,UART5_TXD,,,,OUTPUTXBAR3,FSIRX0_D0,GPIO17,,,,,,,,
D9,SPI1_D1,,SPI1_D1,UART5_RXD,,,,OUTPUTXBAR4,FSIRX0_D1,GPIO18,,,,,,,,
A9,LIN1_RXD,,LIN1_RXD,UART1_RXD,SPI2_CS0,,,OUTPUTXBAR5,,GPIO19,,,,,,,,
B9,LIN1_TXD,,LIN1_TXD,UART1_TXD,SPI2_CLK,,,OUTPUTXBAR6,,GPIO20,,,,,,,,
B8,LIN2_RXD,,LIN2_RXD,UART2_RXD,SPI2_D0,,,,,GPIO21,,,,,,,,
A8,LIN2_TXD,,LIN2_TXD,UART2_TXD,SPI2_D1,,,,,GPIO22,,,,,,,,
D7,I2C1_SCL,,I2C1_SCL,,SPI3_CS0,,,OUTPUTXBAR7,,GPIO23,,,,,,,,
C8,I2C1_SDA,,I2C1_SDA,,SPI3_CLK,,,OUTPUTXBAR8,,GPIO24,,,,,,,,
C7,UART0_RTSn,,UART0_RTSn,I2C2_SCL,SPI3_D0,MCAN3_TX,,OUTPUTXBAR9,,GPIO25,,,,,,,,
B7,UART0_CTSn,,UART0_CTSn,I2C2_SDA,SPI3_D1,MCAN3_RX,SPI0_CS1,OUTPUTXBAR10,,GPIO26,,,,,,,,
A7,UART0_RXD,UART0_RXD,UART0_RXD,LIN0_RXD,,,,,,GPIO27,,,,,,,,
A6,UART0_TXD,UART0_TXD,UART0_TXD,LIN0_TXD,,,,,,GPIO28,,,,,,,,
R17,RGMII1_RXC,,RGMII1_RXC,RMII1_REF_CLK,MII1_RXCLK,,,,FSITX0_CLK,GPIO29,EQEP2_A,,,,,,,
R18,RGMII1_RX_CTL,,RGMII1_RX_CTL,RMII1_RX_ER,MII1_RXDV,,,,FSITX0_D0,GPIO30,EQEP2_B,,,,,,,
U17,RGMII1_RD0,,RGMII1_RD0,RMII1_RXD0,MII1_RXD0,,,,FSITX0_D1,GPIO31,EQEP2_STROBE,,,,,,,
T17,RGMII1_RD1,,RGMII1_RD1,RMII1_RXD1,MII1_RXD1,,,,FSIRX0_CLK,GPIO32,EQEP2_INDEX,,,,,,,
U18,RGMII1_RD2,,RGMII1_RD2,,MII1_RXD2,,,,FSIRX0_D0,GPIO33,EQEP0_A,,,,,,,
T18,RGMII1_RD3,,RGMII1_RD3,,MII1_RXD3,,,,FSIRX0_D1,GPIO34,EQEP0_B,,,,,,,
N18,RGMII1_TXC,,RGMII1_TXC,,MII1_TXCLK,,,,FSITX1_CLK,GPIO35,EQEP0_INDEX,,,,,,,
M18,RGMII1_TX_CTL,,RGMII1_TX_CTL,RMII1_TX_EN,MII1_TX_EN,,,,FSITX1_D0,GPIO36,EQEP0_STROBE,,,,,,,
P16,RGMII1_TD0,,RGMII1_TD0,RMII1_TXD0,MII1_TXD0,,,,FSITX1_D1,GPIO37,EQEP1_A,,,,,,,
P17,RGMII1_TD1,,RGMII1_TD1,RMII1_TXD1,MII1_TXD1,,,,FSIRX1_CLK,GPIO38,EQEP1_B,,,,,,,
P18,RGMII1_TD2,,RGMII1_TD2,RMII1_CRS_DV,MII1_TXD2,,,,FSIRX1_D0,GPIO39,EQEP1_STROBE,,,,,,,
N17,RGMII1_TD3,,RGMII1_TD3,,MII1_TXD3,,,,FSIRX1_D1,GPIO40,EQEP1_INDEX,,,,,,,
N16,MDIO_MDIO,,MDIO_MDIO,,,,,,,GPIO41,,,,,,,,
M17,MDIO_MDC,,MDIO_MDC,,,,,,,GPIO42,,,,,,,,
B2,EPWM0_A,,EPWM0_A,,,,,,,GPIO43,,,,,,,,
B1,EPWM0_B,,EPWM0_B,,,,,,,GPIO44,,,,,,,,
D3,EPWM1_A,,EPWM1_A,,,,,,,GPIO45,,,,,,,,
D2,EPWM1_B,,EPWM1_B,,,,,,,GPIO46,,,,,,,,
C2,EPWM2_A,,EPWM2_A,,,,,,,GPIO47,,,,,,,,
C1,EPWM2_B,,EPWM2_B,,,,,,,GPIO48,,,,,,,,
E2,EPWM3_A,,EPWM3_A,,,,,,,GPIO49,,,,,,,,
E3,EPWM3_B,,EPWM3_B,,,,,,,GPIO50,,,,,,,,
D1,EPWM4_A,GPIO51,EPWM4_A,,,,,,,GPIO51,,,,,,,,
E4,EPWM4_B,,EPWM4_B,,,,,,FSITX1_CLK,GPIO52,,,,,,,,
F2,EPWM5_A,,EPWM5_A,,,,,,FSITX1_D0,GPIO53,,,,,,,,
G2,EPWM5_B,,EPWM5_B,,,,,,FSITX1_D1,GPIO54,,,,,,,,
E1,EPWM6_A,,EPWM6_A,,,,,,FSIRX1_CLK,GPIO55,,,,,,,,
F3,EPWM6_B,,EPWM6_B,,,,,,FSIRX1_D0,GPIO56,,,,,,,,
F4,EPWM7_A,,EPWM7_A,,,,,,FSIRX1_D1,GPIO57,,,,,,,,
F1,EPWM7_B,,EPWM7_B,,,,,,,GPIO58,,,,,,,,
G3,EPWM8_A,,EPWM8_A,UART4_TXD,I2C3_SDA,,,,FSITX2_CLK,GPIO59,,,,,,,,
H2,EPWM8_B,,EPWM8_B,UART4_RXD,I2C3_SCL,,,,FSITX2_D0,GPIO60,,,,,,,,
G1,EPWM9_A,,EPWM9_A,,,,,,FSITX2_D1,GPIO61,,,,,,,,
J2,EPWM9_B,,EPWM9_B,UART1_RTSn,,,,,FSIRX2_CLK,GPIO62,,,,,,,,
G4,EPWM10_A,,EPWM10_A,UART1_CTSn,,,,,FSIRX2_D0,GPIO63,,,,,,,,
J3,EPWM10_B,,EPWM10_B,UART2_RTSn,,,,,FSIRX2_D1,GPIO64,,,,,,,,
H1,EPWM11_A,,EPWM11_A,UART2_CTSn,,,,,GPMC_CLKLB,GPIO65,,,,,,,,
J1,EPWM11_B,,EPWM11_B,UART3_RTSn,,,,,GPMC_OEn_REn,GPIO66,,,,,,,,
K2,EPWM12_A,,EPWM12_A,UART3_CTSn,SPI4_CS1,,,,GPMC_WEn,GPIO67,,,,,,,,
J4,EPWM12_B,,EPWM12_B,UART1_DCDn,,,,,GPMC_CSn0,GPIO68,,,,,,,,
K4,EPWM13_A,,EPWM13_A,UART1_RIn,,,,,GPMC_AD0,GPIO69,,,,,,,,
K3,EPWM13_B,,EPWM13_B,UART1_DTRn,,,,,GPMC_AD1,GPIO70,,,,,,,,
V17,EPWM14_A,,EPWM14_A,UART1_DSRn,,,,,GPMC_AD2,GPIO71,,,,,,,,
T16,EPWM14_B,,EPWM14_B,,MII1_RX_ER,,,,GPMC_AD3,GPIO72,,,,,,,,
P15,EPWM15_A,,EPWM15_A,UART5_TXD,MII1_COL,,,,GPMC_AD4,GPIO73,,,,,,,,
R16,EPWM15_B,,EPWM15_B,UART5_RXD,MII1_CRS,,,,GPMC_AD5,GPIO74,,,,,,,,
L3,UART1_RXD,,UART1_RXD,LIN1_RXD,,,,EPWM16_A,GPMC_AD6,GPIO75,,,,,,,,
M3,UART1_TXD,,UART1_TXD,LIN1_TXD,,,,EPWM16_B,GPMC_AD7,GPIO76,,,,,,,,
B6,MMC_CLK,,MMC_CLK,UART0_RXD,LIN0_RXD,,,EPWM17_A,GPMC_AD8,GPIO77,SDFM1_CLK0,,,,,,,
A4,MMC_CMD,,MMC_CMD,UART0_TXD,LIN0_TXD,,,EPWM17_B,GPMC_AD9,GPIO78,SDFM1_D0,,,,,,,
B5,MMC_DAT0,,MMC_DAT0,UART2_RXD,I2C1_SCL,,,EPWM18_A,GPMC_AD10,GPIO79,SDFM1_CLK1,,,,,,,
B4,MMC_DAT1,,MMC_DAT1,,,,,EPWM18_B,GPMC_AD11,GPIO80,SDFM1_D1,,,,,,,
A3,MMC_DAT2,,MMC_DAT2,UART2_TXD,I2C1_SDA,,,EPWM19_A,GPMC_AD12,GPIO81,SDFM1_CLK2,,,,,,,
A2,MMC_DAT3,,MMC_DAT3,UART3_RTSn,,,,EPWM19_B,GPMC_AD13,GPIO82,SDFM1_D2,,,,,,,
C6,MMC_SDWP,,MMC_SDWP,UART0_RTSn,I2C2_SCL,,,EPWM20_A,GPMC_AD14,GPIO83,SDFM1_CLK3,,,,,,,
A5,MMC_SDCD,,MMC_SDCD,UART0_CTSn,I2C2_SDA,,,EPWM20_B,GPMC_AD15,GPIO84,SDFM1_D3,,,,,,,
L17,PR0_MDIO_MDIO,,PR0_MDIO_MDIO,,,,,EPWM21_A,GPMC_CSn2,GPIO85,,,,,,,,
L18,PR0_MDIO_MDC,,PR0_MDIO_MDC,,,,,EPWM21_B,GPMC_CSn3,GPIO86,,,,,,,,
G17,PR0_PRU0_GPIO5,,PR0_PRU0_GPIO5,,RMII2_RX_ER,,MII2_RX_ER,EPWM22_A,GPMC_DIR,GPIO87,,,,,,,,
F17,PR0_PRU0_GPIO9,,PR0_PRU0_GPIO9,,,PR0_UART0_CTSn,MII2_COL,EPWM22_B,GPMC_CLK,GPIO88,,,,,,,,
G18,PR0_PRU0_GPIO10,,PR0_PRU0_GPIO10,,RMII2_CRS_DV,PR0_UART0_RTSn,MII2_CRS,EPWM23_A,GPMC_WAIT0,GPIO89,,,,,,,,
G15,PR0_PRU0_GPIO8,,PR0_PRU0_GPIO8,,,,,EPWM23_B,GPMC_WPn,GPIO90,,,,,,,,
K15,PR0_PRU0_GPIO6,,PR0_PRU0_GPIO6,,RMII2_REF_CLK,RGMII2_RXC,MII2_RXCLK,EPWM24_A,GPMC_CSn1,GPIO91,,,,,,,,
K16,PR0_PRU0_GPIO4,,PR0_PRU0_GPIO4,,,RGMII2_RX_CTL,MII2_RXDV,EPWM24_B,GPMC_A0,GPIO92,,,,,,,,
K17,PR0_PRU0_GPIO0,,PR0_PRU0_GPIO0,,RMII2_RXD0,RGMII2_RD0,MII2_RXD0,EPWM25_A,GPMC_A1,GPIO93,,,,,,,,
K18,PR0_PRU0_GPIO1,,PR0_PRU0_GPIO1,,RMII2_RXD1,RGMII2_RD1,MII2_RXD1,EPWM25_B,GPMC_A2,GPIO94,,,,,,,,
J18,PR0_PRU0_GPIO2,,PR0_PRU0_GPIO2,,,RGMII2_RD2,MII2_RXD2,EPWM26_A,GPMC_A3,GPIO95,,,,,,,,
J17,PR0_PRU0_GPIO3,,PR0_PRU0_GPIO3,,,RGMII2_RD3,MII2_RXD3,EPWM26_B,GPMC_A4,GPIO96,,,,,,,,
H18,PR0_PRU0_GPIO16,,PR0_PRU0_GPIO16,,,RGMII2_TXC,MII2_TXCLK,EPWM27_A,GPMC_A5,GPIO97,,,,,,,,
L16,PR0_PRU0_GPIO15,,PR0_PRU0_GPIO15,,RMII2_TX_EN,RGMII2_TX_CTL,MII2_TX_EN,EPWM27_B,GPMC_A6,GPIO98,,,,,,,,
M16,PR0_PRU0_GPIO11,,PR0_PRU0_GPIO11,,RMII2_TXD0,RGMII2_TD0,MII2_TXD0,EPWM28_A,GPMC_A7,GPIO99,,,,,,,,
M15,PR0_PRU0_GPIO12,,PR0_PRU0_GPIO12,,RMII2_TXD1,RGMII2_TD1,MII2_TXD1,EPWM28_B,GPMC_A8,GPIO100,,,,,,,,
H17,PR0_PRU0_GPIO13,,PR0_PRU0_GPIO13,,,RGMII2_TD2,MII2_TXD2,EPWM29_A,GPMC_A9,GPIO101,,,,,,,,
H16,PR0_PRU0_GPIO14,,PR0_PRU0_GPIO14,,,RGMII2_TD3,MII2_TXD3,EPWM29_B,GPMC_A10,GPIO102,,,,,,,,
F15,PR0_PRU1_GPIO5,,PR0_PRU1_GPIO5,,,,TRC_DATA0,EPWM30_A,GPMC_OEn_REn,GPIO103,,,,,,,,
C18,PR0_PRU1_GPIO9,,PR0_PRU1_GPIO9,,,PR0_UART0_RXD,TRC_DATA1,EPWM30_B,GPMC_BE0n_CLE,GPIO104,,,,,,,,
D17,PR0_PRU1_GPIO10,,PR0_PRU1_GPIO10,,,PR0_UART0_TXD,TRC_DATA2,EPWM31_A,GPMC_BE1n,GPIO105,,,,,,,,
D18,PR0_PRU1_GPIO8,,PR0_PRU1_GPIO8,,,,TRC_DATA3,EPWM31_B,GPMC_WEn,GPIO106,,,,,,,,
E16,PR0_PRU1_GPIO6,,PR0_PRU1_GPIO6,,,FSITX2_CLK,TRC_DATA4,,GPMC_A11,GPIO107,,,,,,,,
F16,PR0_PRU1_GPIO4,,PR0_PRU1_GPIO4,,,FSITX2_D0,TRC_DATA5,,GPMC_A12,GPIO108,,,,,,,,
F18,PR0_PRU1_GPIO0,,PR0_PRU1_GPIO0,,,FSITX2_D1,TRC_DATA6,,GPMC_A13,GPIO109,,,,,,,,
G16,PR0_PRU1_GPIO1,,PR0_PRU1_GPIO1,,,FSIRX2_CLK,TRC_DATA7,,GPMC_A14,GPIO110,,,,,,,,
E17,PR0_PRU1_GPIO2,,PR0_PRU1_GPIO2,,,FSIRX2_D0,TRC_DATA8,,GPMC_A15,GPIO111,,,,,,,,
E18,PR0_PRU1_GPIO3,,PR0_PRU1_GPIO3,,,FSIRX2_D1,TRC_DATA9,,GPMC_A16,GPIO112,,,,,,,,
C16,PR0_PRU1_GPIO16,,PR0_PRU1_GPIO16,,,FSITX3_CLK,TRC_DATA10,,GPMC_A17,GPIO113,,,,,,,,
A17,PR0_PRU1_GPIO15,,PR0_PRU1_GPIO15,,,FSITX3_D0,TRC_DATA11,,GPMC_A18,GPIO114,,,,,,,,
B18,PR0_PRU1_GPIO11,,PR0_PRU1_GPIO11,,,FSITX3_D1,TRC_DATA12,,GPMC_A19,GPIO115,,,,,,,,
B17,PR0_PRU1_GPIO12,,PR0_PRU1_GPIO12,,,FSIRX3_CLK,TRC_DATA13,,GPMC_A20,GPIO116,,,,,,,,
D16,PR0_PRU1_GPIO13,,PR0_PRU1_GPIO13,,,FSIRX3_D0,TRC_DATA14,OUTPUTXBAR11,GPMC_A21,GPIO117,,,,,,,,
C17,PR0_PRU1_GPIO14,,PR0_PRU1_GPIO14,,,FSIRX3_D1,TRC_DATA15,OUTPUTXBAR12,GPMC_CSn0,GPIO118,,,,,,,,
D15,PR0_PRU1_GPIO19,,PR0_PRU1_GPIO19,,UART3_RXD,PR0_IEP0_EDC_SYNC_OUT0,TRC_CLK,OUTPUTXBAR13,,GPIO119,,EQEP1_A,,,,,,
C15,PR0_PRU1_GPIO18,,PR0_PRU1_GPIO18,,UART3_TXD,PR0_IEP0_EDIO_DATA_IN_OUT31,TRC_CTL,OUTPUTXBAR14,GPMC_WAIT1,GPIO120,,EQEP1_B,,,,,,
P2,EXT_REFCLK0,,EXT_REFCLK0,,,,,OUTPUTXBAR15,,GPIO121,,EQEP1_INDEX,,,,,,
B16,SDFM0_CLK0,,CLKOUT1,,,,,,,GPIO122,SDFM0_CLK0,EQEP1_STROBE,,,,,,
D14,SDFM0_D0,,PR0_ECAP0_APWM_OUT,,,,,,,GPIO123,SDFM0_D0,,,,,,,
A16,SDFM0_CLK1,,PR0_PRU1_GPIO7,CPTS0_TS_SYNC,UART5_RTSn,PR0_IEP0_EDC_SYNC_OUT1,,I2C3_SDA,,GPIO124,SDFM0_CLK1,,,,,,,
D13,SDFM0_D1,,PR0_PRU1_GPIO17,,UART5_CTSn,PR0_IEP0_EDIO_DATA_IN_OUT30,,,,GPIO125,SDFM0_D1,,,,,,,
B15,SDFM0_CLK2,,UART5_TXD,,,,,I2C3_SCL,GPMC_ADVn_ALE,GPIO126,SDFM0_CLK2,,,,,,,
C13,SDFM0_D2,,UART5_RXD,,,,,,,GPIO127,SDFM0_D2,,,,,,,
A15,SDFM0_CLK3,MCAN3_TX,MCAN3_TX,UART5_RXD,,,,,,GPIO128,SDFM0_CLK3,,,,,,,
C14,SDFM0_D3,MCAN3_RX,MCAN3_RX,,,,,,,GPIO129,SDFM0_D3,,,,,,,
B14,EQEP0_A,,UART4_RTSn,,,SPI4_CLK,,,,GPIO130,EQEP0_A,SDFM1_CLK0,,,,,,
A14,EQEP0_B,,UART4_CTSn,,,SPI4_CS0,,,,GPIO131,EQEP0_B,SDFM1_D0,,,,,,
C12,EQEP0_STROBE,,UART4_TXD,LIN4_TXD,,SPI4_D0,,,,GPIO132,EQEP0_STROBE,SDFM1_CLK1,,,,,,
D11,EQEP0_INDEX,,UART4_RXD,LIN4_RXD,,SPI4_D1,,,,GPIO133,EQEP0_INDEX,SDFM1_D1,,,,,,
B13,I2C0_SDA,,I2C0_SDA,,,,,,,GPIO134,EQEP2_A,SDFM1_CLK2,,,,,,
A13,I2C0_SCL,,I2C0_SCL,,,,,,,GPIO135,EQEP2_B,SDFM1_CLK3,,,,,,
B12,MCAN2_TX,MCAN2_TX,MCAN2_TX,UART1_RTSn,,,,,,GPIO136,EQEP2_STROBE,SDFM1_D2,,,,,,
A12,MCAN2_RX,MCAN2_RX,MCAN2_RX,UART2_RTSn,,,,,,GPIO137,EQEP2_INDEX,SDFM1_D3,,,,,,
M2,CLKOUT0,,CLKOUT0,,,,,,,GPIO138,,,,,,,,
C3,RESET_REQz,,RESET_REQz,,,,,,,,,,,,,,,
D4,SAFETY_ERRORn,,SAFETY_ERRORn,,,,,,,,,,,,,,,
C5,TDI,,TDI,,,,,,,,,,,,,,,
C4,TDO,,TDO,,,,,,,,,,,,,,,
D5,TMS,,TMS,,,,,,,,,,,,,,,
B3,TCK,,TCK,,,,,,,,,,,,,,,
R2,PORz,,PORz,,,,,,,,,,,,,,,
T1,XTAL_XI,,XI,,,,,,,,,,,,,,,
R1,XTAL_XO,,XO,,,,,,,,,,,,,,,
V15,ADC0_AIN0,,ADC0_AIN0,,,,,,,,,,,,,,,
U15,ADC0_AIN1,,ADC0_AIN1,,,,,,,,,,,,,,,
T14,ADC0_AIN2,,ADC0_AIN2,,,,,,,,,,,,,,,
U14,ADC0_AIN3,,ADC0_AIN3,,,,,,,,,,,,,,,
U13,ADC0_AIN4,,ADC0_AIN4,,,,,,,,,,,,,,,
R14,ADC0_AIN5,,ADC0_AIN5,,,,,,,,,,,,,,,
T11,ADC1_AIN0,,ADC1_AIN0,,,,,,,,,,,,,,,
U11,ADC1_AIN1,,ADC1_AIN1,,,,,,,,,,,,,,,
T12,ADC1_AIN2,,ADC1_AIN2,,,,,,,,,,,,,,,
V12,ADC1_AIN3,,ADC1_AIN3,,,,,,,,,,,,,,,
U12,ADC1_AIN4,,ADC1_AIN4,,,,,,,,,,,,,,,
R12,ADC1_AIN5,,ADC1_AIN5,,,,,,,,,,,,,,,
R10,ADC2_AIN0,,ADC2_AIN0,,,,,,,,,,,,,,,
T10,ADC2_AIN1,,ADC2_AIN1,,,,,,,,,,,,,,,
U10,ADC2_AIN2,,ADC2_AIN2,,,,,,,,,,,,,,,
T9,ADC2_AIN3,,ADC2_AIN3,,,,,,,,,,,,,,,
V9,ADC2_AIN4,,ADC2_AIN4,,,,,,,,,,,,,,,
T8,ADC2_AIN5,,ADC2_AIN5,,,,,,,,,,,,,,,
U7,ADC3_AIN0,,ADC3_AIN0,,,,,,,,,,,,,,,
U8,ADC3_AIN1,,ADC3_AIN1,,,,,,,,,,,,,,,
T7,ADC3_AIN2,,ADC3_AIN2,,,,,,,,,,,,,,,
R7,ADC3_AIN3,,ADC3_AIN3,,,,,,,,,,,,,,,
V8,ADC3_AIN4,,ADC3_AIN4,,,,,,,,,,,,,,,
U9,ADC3_AIN5,,ADC3_AIN5,,,,,,,,,,,,,,,
U6,ADC4_AIN0,,ADC4_AIN0,,,,,,,,,,,,,,,
V5,ADC4_AIN1,,ADC4_AIN1,,,,,,,,,,,,,,,
V4,ADC4_AIN2,,ADC4_AIN2,,,,,,,,,,,,,,,
U5,ADC4_AIN3,,ADC4_AIN3,,,,,,,,,,,,,,,
V3,ADC4_AIN4,,ADC4_AIN4,,,,,,,,,,,,,,,
U4,ADC4_AIN5,,ADC4_AIN5,,,,,,,,,,,,,,,
V14,ADC_VREFHI_G0,,,,,,,,,,,,,,,,,
V13,ADC_VREFLO_G0,,,,,,,,,,,,,,,,,
V10,ADC_VREFHI_G1,,,,,,,,,,,,,,,,,
V11,ADC_VREFLO_G1,,,,,,,,,,,,,,,,,
V6,ADC_VREFHI_G2,,,,,,,,,,,,,,,,,
V7,ADC_VREFLO_G2,,,,,,,,,,,,,,,,,
U16,ADC_CAL0,,,,,,,,,,,,,,,,,
T15,ADC_CAL1,,,,,,,,,,,,,,,,,
T13,DAC_VREF0,,DAC_VREF0,,,,,,,,,,,,,,,
T6,DAC_VREF1,,DAC_VREF1,,,,,,,,,,,,,,,
T5,DAC_OUT,,DAC_OUT,,,,,,,,,,,,,,,
RTI0_TIMER,RTI0_TIMER,,RTI0_TIMER,,,,,,,,,,,,,,,
RTI1_TIMER,RTI1_TIMER,,RTI1_TIMER,,,,,,,,,,,,,,,
RTI2_TIMER,RTI2_TIMER,,RTI2_TIMER,,,,,,,,,,,,,,,
RTI3_TIMER,RTI3_TIMER,,RTI3_TIMER,,,,,,,,,,,,,,,
U1,RSVD_U1,,,,,,,,,,,,,,,,,
U2,RSVD_U2,,,,,,,,,,,,,,,,,
U3,RSVD_U3,,,,,,,,,,,,,,,,,
V2,RSVD_V2,,,,,,,,,,,,,,,,,
J16,RSVD_J16,,,,,,,,,,,,,,,,,
A1,VSS_1,,,,,,,,,,,,,,,,,
T2,VSS_2,,,,,,,,,,,,,,,,,
P5,VSS_3,,,,,,,,,,,,,,,,,
M5,VSS_4,,,,,,,,,,,,,,,,,
L5,VSS_5,,,,,,,,,,,,,,,,,
J5,VSS_6,,,,,,,,,,,,,,,,,
H5,VSS_7,,,,,,,,,,,,,,,,,
F5,VSS_8,,,,,,,,,,,,,,,,,
E5,VSS_9,,,,,,,,,,,,,,,,,
M6,VSS_10,,,,,,,,,,,,,,,,,
L6,VSS_11,,,,,,,,,,,,,,,,,
J6,VSS_12,,,,,,,,,,,,,,,,,
H6,VSS_13,,,,,,,,,,,,,,,,,
F6,VSS_14,,,,,,,,,,,,,,,,,
E6,VSS_15,,,,,,,,,,,,,,,,,
N7,VSS_16,,,,,,,,,,,,,,,,,
M7,VSS_17,,,,,,,,,,,,,,,,,
L7,VSS_18,,,,,,,,,,,,,,,,,
K7,VSS_19,,,,,,,,,,,,,,,,,
J7,VSS_20,,,,,,,,,,,,,,,,,
H7,VSS_21,,,,,,,,,,,,,,,,,
G7,VSS_22,,,,,,,,,,,,,,,,,
F7,VSS_23,,,,,,,,,,,,,,,,,
E7,VSS_24,,,,,,,,,,,,,,,,,
N8,VSS_25,,,,,,,,,,,,,,,,,
M8,VSS_26,,,,,,,,,,,,,,,,,
L8,VSS_27,,,,,,,,,,,,,,,,,
K8,VSS_28,,,,,,,,,,,,,,,,,
J8,VSS_29,,,,,,,,,,,,,,,,,
H8,VSS_30,,,,,,,,,,,,,,,,,
G8,VSS_31,,,,,,,,,,,,,,,,,
F8,VSS_32,,,,,,,,,,,,,,,,,
E8,VSS_33,,,,,,,,,,,,,,,,,
N9,VSS_34,,,,,,,,,,,,,,,,,
M9,VSS_35,,,,,,,,,,,,,,,,,
L9,VSS_36,,,,,,,,,,,,,,,,,
K9,VSS_37,,,,,,,,,,,,,,,,,
J9,VSS_38,,,,,,,,,,,,,,,,,
H9,VSS_39,,,,,,,,,,,,,,,,,
G9,VSS_40,,,,,,,,,,,,,,,,,
N10,VSS_41,,,,,,,,,,,,,,,,,
M10,VSS_42,,,,,,,,,,,,,,,,,
L10,VSS_43,,,,,,,,,,,,,,,,,
K10,VSS_44,,,,,,,,,,,,,,,,,
J10,VSS_45,,,,,,,,,,,,,,,,,
H10,VSS_46,,,,,,,,,,,,,,,,,
G10,VSS_47,,,,,,,,,,,,,,,,,
F10,VSS_48,,,,,,,,,,,,,,,,,
E10,VSS_49,,,,,,,,,,,,,,,,,
N11,VSS_50,,,,,,,,,,,,,,,,,
M11,VSS_51,,,,,,,,,,,,,,,,,
L11,VSS_52,,,,,,,,,,,,,,,,,
K11,VSS_53,,,,,,,,,,,,,,,,,
J11,VSS_54,,,,,,,,,,,,,,,,,
H11,VSS_55,,,,,,,,,,,,,,,,,
G11,VSS_56,,,,,,,,,,,,,,,,,
N12,VSS_57,,,,,,,,,,,,,,,,,
M12,VSS_58,,,,,,,,,,,,,,,,,
L12,VSS_59,,,,,,,,,,,,,,,,,
K12,VSS_60,,,,,,,,,,,,,,,,,
J12,VSS_61,,,,,,,,,,,,,,,,,
H12,VSS_62,,,,,,,,,,,,,,,,,
G12,VSS_63,,,,,,,,,,,,,,,,,
F12,VSS_64,,,,,,,,,,,,,,,,,
E12,VSS_65,,,,,,,,,,,,,,,,,
P13,VSS_66,,,,,,,,,,,,,,,,,
M13,VSS_67,,,,,,,,,,,,,,,,,
L13,VSS_68,,,,,,,,,,,,,,,,,
J13,VSS_69,,,,,,,,,,,,,,,,,
H13,VSS_70,,,,,,,,,,,,,,,,,
F13,VSS_71,,,,,,,,,,,,,,,,,
E13,VSS_72,,,,,,,,,,,,,,,,,
P14,VSS_73,,,,,,,,,,,,,,,,,
M14,VSS_74,,,,,,,,,,,,,,,,,
L14,VSS_75,,,,,,,,,,,,,,,,,
J14,VSS_76,,,,,,,,,,,,,,,,,
H14,VSS_77,,,,,,,,,,,,,,,,,
F14,VSS_78,,,,,,,,,,,,,,,,,
E14,VSS_79,,,,,,,,,,,,,,,,,
V18,VSS_80,,,,,,,,,,,,,,,,,
A18,VSS_81,,,,,,,,,,,,,,,,,
V1,VSS_82,,,,,,,,,,,,,,,,,
R5,VSS_83,,,,,,,,,,,,,,,,,
P6,VSS_84,,,,,,,,,,,,,,,,,
P8,VSS_85,,,,,,,,,,,,,,,,,
P10,VSS_86,,,,,,,,,,,,,,,,,
P12,VSS_87,,,,,,,,,,,,,,,,,
R13,VSS_88,,,,,,,,,,,,,,,,,
V16,VSS_89,,,,,,,,,,,,,,,,,
N5,VDD_1,,,,,,,,,,,,,,,,,
K5,VDD_2,,,,,,,,,,,,,,,,,
G5,VDD_3,,,,,,,,,,,,,,,,,
N6,VDD_4,,,,,,,,,,,,,,,,,
K6,VDD_5,,,,,,,,,,,,,,,,,
G6,VDD_6,,,,,,,,,,,,,,,,,
F9,VDD_7,,,,,,,,,,,,,,,,,
E9,VDD_8,,,,,,,,,,,,,,,,,
F11,VDD_9,,,,,,,,,,,,,,,,,
E11,VDD_10,,,,,,,,,,,,,,,,,
N13,VDD_11,,,,,,,,,,,,,,,,,
K13,VDD_12,,,,,,,,,,,,,,,,,
G13,VDD_13,,,,,,,,,,,,,,,,,
N14,VDD_14,,,,,,,,,,,,,,,,,
K14,VDD_15,,,,,,,,,,,,,,,,,
G14,VDD_16,,,,,,,,,,,,,,,,,
R9,VDD_17,,,,,,,,,,,,,,,,,
R8,VDDA18_1,,,,,,,,,,,,,,,,,
R11,VDDA18_2,,,,,,,,,,,,,,,,,
R4,VDDA18_OSC_PLL,,,,,,,,,,,,,,,,,
T4,VDDA18_TEMP,,,,,,,,,,,,,,,,,
P7,VDDA33_1,,,,,,,,,,,,,,,,,
P9,VDDA33_2,,,,,,,,,,,,,,,,,
P11,VDDA33_3,,,,,,,,,,,,,,,,,
J15,VDDAR1,,,,,,,,,,,,,,,,,
D10,VDDAR2,,,,,,,,,,,,,,,,,
H3,VDDAR3,,,,,,,,,,,,,,,,,
L4,VDDS18_1,,,,,,,,,,,,,,,,,
D6,VDDS18_2,,,,,,,,,,,,,,,,,
N15,VDDS18_3,,,,,,,,,,,,,,,,,
E15,VDDS18_4,,,,,,,,,,,,,,,,,
T3,VDDS18_LDO,,,,,,,,,,,,,,,,,
P4,VDDS33_1,,,,,,,,,,,,,,,,,
H4,VDDS33_2,,,,,,,,,,,,,,,,,
D8,VDDS33_3,,,,,,,,,,,,,,,,,
D12,VDDS33_4,,,,,,,,,,,,,,,,,
R15,VDDS33_5,,,,,,,,,,,,,,,,,
L15,VDDS33_6,,,,,,,,,,,,,,,,,
H15,VDDS33_7,,,,,,,,,,,,,,,,,
R6,VDDA18_LDO,,,,,,,,,,,,,,,,,
N3,VPP,,,,,,,,,,,,,,,,,

